Rank	a_km	ecc	inc_deg	mass_kg	CSI
1	7372.2	0.002	99.25	9000	0.313
2	7365.7	0.003	64.98	4500	0.163
3	7343.1	0.003	64.99	4955	0.161
4	7342.1	0.004	65.04	4955	0.16
5	7355.2	0.006	64.49	4500	0.154
6	7346.5	0.007	65.28	4500	0.151
7	7342.9	0.006	64.95	4500	0.146
8	7349.3	0.005	64.81	4500	0.145
9	7332.1	0.005	64.98	4955	0.143
10	7222	0.001	71	9000	0.139
11	7221.6	0	70.98	9000	0.139
12	7336.6	0.004	64.7	4500	0.135
13	7227.3	0.002	70.88	8226	0.135
14	7335.5	0.006	64.86	4500	0.134
15	7333.3	0.009	65.08	4500	0.131